 1.3266167e-01 -2.5954156e+00 -5.3562531e+00  5.7336968e-01  1.9974914e+00 -1.0269783e+00 -1.1514638e-01
 1.3266167e-01 -7.4366391e-01 -5.3144544e-02  2.6535287e-01  6.1684227e-01 -1.4505711e+00 -8.7856419e-02
 1.3266167e-01  8.4515553e+00  2.0624809e+00  4.8008144e-01 -7.2586411e-01  2.7773867e+00 -1.1254841e-02
 1.3266167e-01 -1.0999584e+01 -9.9066010e+00  4.8401052e-01  1.4189849e+00 -1.3278289e+00  7.3876351e-02
 1.3266167e-01 -5.4888711e+00 -4.3694310e+00 -2.1521820e-01  7.9188013e-01 -1.9292326e+00 -6.5355331e-02
 1.3266167e-01 -1.0563936e+01 -6.2192373e+00 -6.5732104e-01  7.7895868e-01 -1.6452150e+00 -4.5711897e-02
 1.3266167e-01 -1.9755179e+00 -5.0264525e+00  3.4387592e-02  2.2166762e+00 -7.0286280e-01  6.1254457e-02
 1.3266167e-01 -2.5051050e+00  8.5141649e+00 -5.5286580e-01 -2.1960561e+00 -5.6820291e-01  8.1734449e-02
 1.3266167e-01 -4.0918789e+00 -2.9208152e+00  2.0515700e-01  1.0649488e+00 -1.2803721e+00 -5.0569934e-01
 1.3266167e-01 -3.1702032e+00 -1.5932370e+00 -3.8224858e-01  7.4758387e-01 -1.7469642e+00  1.9545539e-01
 1.3266167e-01 -8.9612138e-01 -2.0645659e+00 -3.3480626e-01  1.9374893e+00 -1.3000138e+00 -4.0872219e-01
 1.3266167e-01 -9.7231226e+00 -6.1551657e+00  5.0374532e-01  1.4008708e+00 -1.6504655e+00  1.7749429e-01
 1.3266167e-01  1.3484910e+01  1.0394078e+01 -3.3652091e-01 -1.7575164e+00  2.0357702e+00 -1.4569922e-01
 1.3266167e-01 -3.8082075e+00 -1.4316577e+00 -7.6956041e-03  2.2806858e-01 -1.7873309e+00  3.5986837e-02
 1.3266167e-01 -1.0896795e+01  6.0424533e+00 -6.2989257e-02 -1.0198065e+00 -1.9025843e+00 -5.2848667e-02
 1.3266167e-01 -1.3425196e+01 -8.5818033e+00  7.5497240e-01  9.7972625e-01 -1.7962246e+00 -6.9247238e-02
 1.3266167e-01 -3.1077843e+00 -6.8279819e+00 -6.1759108e-01  2.0467014e+00 -8.0015725e-01 -6.7071743e-02
 1.3266167e-01  7.9961123e+00  2.5185497e+00  2.8931487e-01 -1.7229788e+00  2.1009943e+00  7.3598675e-02
 1.3266167e-01  1.6316553e+00 -7.1406806e-01 -2.6305982e-01  1.0753803e+00  1.5110900e+00 -6.9854170e-01
 1.3266167e-01 -3.3036566e+00  2.0686710e-01  1.2078652e-01 -9.3439430e-01 -1.6901987e+00  1.4313394e-01
 1.3266167e-01 -1.0473294e+01 -9.0828075e+00  1.4517583e-02  1.4609586e+00 -1.4650950e+00  3.8447427e-03
 1.3266167e-01  6.7905540e+00 -1.0593771e+00 -1.9608893e-01  5.1735324e-01  2.7048910e+00  2.5175530e-02
 1.3266167e-01  9.1549528e-01 -9.8377675e-02 -2.3189428e-01  1.6193460e+00 -9.0604424e-03  4.3734133e-01
 1.3266167e-01  1.0420741e+01 -9.6867762e+00  3.3026338e-01  1.7352251e+00  1.7991593e+00  3.6501631e-02
 1.3266167e-01  5.6638759e-01 -8.0459511e-01 -1.0279892e-01  1.4402217e+00 -1.6337407e-01 -3.8201728e-01
 1.3266167e-01  6.5929705e-01  7.6929011e+00 -2.8044149e-01 -2.4366810e+00  6.0418528e-01 -1.0861811e-01
 1.3266167e-01  1.4640910e+01 -4.6865664e+00  9.7395308e-02  9.3282956e-01  2.4984388e+00  1.3785212e-01
 1.3266167e-01  8.3579165e-01 -3.3439362e+00 -6.7130673e-01  1.8877523e+00 -1.0829943e-01 -2.8155777e-01
 1.3266167e-01  2.6383047e+00 -3.1490819e+00  2.7671894e-01  2.4364269e+00  1.2029338e+00 -1.4153945e-01
 1.3266167e-01  2.4629645e+00 -1.9453436e+00  6.9972527e-01  3.8149029e-01  1.0707419e+00 -8.6107898e-01
 1.3266167e-01  3.1266305e+00 -4.1892114e+00 -2.2694698e-01  2.1592078e+00  3.9064002e-01 -2.3222598e-01
 1.3266167e-01 -4.2605782e+00  8.5916767e+00 -1.0757649e-01 -1.7878881e+00 -1.4464357e+00  1.2714702e-02
 1.3266167e-01 -3.8433795e+00  5.5932560e+00 -3.5108302e-02 -1.6907256e+00 -1.7465444e+00 -1.4283304e-01
 1.3266167e-01  3.2593322e-01  2.2932055e+00 -4.8772696e-01 -1.5148113e+00 -5.2124482e-01  1.9466555e-01
 1.3266167e-01 -2.1018829e+00 -2.8896375e+00 -5.8583635e-01  8.4044683e-01 -2.2964489e+00 -3.0334169e-01
 1.3266167e-01  5.2093787e+00 -2.7407956e+00  2.7459618e-01  1.3266594e+00  1.8143368e+00 -3.6285743e-01
 1.3266167e-01 -1.7288660e+00  5.5030408e+00  2.5431359e-02 -1.7295780e+00 -3.7489134e-01  2.5563201e-01
 1.3266167e-01 -4.7666326e+00 -7.4898047e+00 -1.9681422e-01  1.8220410e+00 -1.2203355e+00 -2.1627033e-01
 1.3266167e-01  1.2986738e+01  1.1852555e+01 -2.7457437e-02 -1.9378418e+00  2.0083873e+00  1.1878326e-01
 1.3266167e-01 -1.0179792e+01  1.1676102e+00 -7.8910418e-02 -1.6811635e-01 -2.4381058e+00 -3.8660459e-02
 1.3266167e-01  2.0007336e+00  4.3078218e+00 -1.0990962e-01 -2.9134791e+00  5.4027045e-01 -8.2443707e-02
 1.3266167e-01 -1.0135618e+01 -8.4074421e+00  3.1072414e-01  1.4585419e+00 -1.6626997e+00  8.4849242e-03
 1.3266167e-01 -1.7436367e+00  4.7333407e+00 -2.0333873e-01 -1.5374641e+00 -1.6848435e+00  1.6071573e-01
 1.3266167e-01  7.2198975e-01  5.6444011e+00  4.5407677e-01 -2.0304782e+00  1.3751324e-01 -3.5815537e-02
 1.3266167e-01  5.1741996e+00  4.3824515e+00 -4.3050125e-01 -1.4350444e+00  2.8443909e+00  2.1694724e-01
 1.3266167e-01  1.0970740e+01  3.6877980e+00  1.4024267e-01 -6.9819736e-01  2.5704374e+00 -3.2350391e-02
 1.3266167e-01 -2.8529754e+00 -6.4959683e+00 -3.8876925e-02  1.3989031e+00 -1.0363772e+00  1.3862351e-01
 1.3266167e-01 -7.6308627e+00  2.5528376e+00 -8.7339655e-02 -3.6122185e-01 -2.0922277e+00  1.6408445e-01
 1.3266167e-01 -6.1694837e+00  1.1365322e+01  3.0013722e-01 -2.1762564e+00 -1.0575566e+00  1.2895659e-01
 1.3266167e-01 -2.1355519e+00 -1.3817263e+01  6.1023337e-01  2.2498412e+00 -2.4811953e-01 -4.0037304e-02
 1.3266167e-01  3.5987668e+00 -1.2667207e+00 -1.2429304e-01  1.8666364e-01  1.1081386e+00 -9.6662498e-01
 1.3266167e-01  6.8938107e+00  7.6176701e+00 -1.0109878e-01 -2.0763967e+00  1.8450403e+00  1.0017412e-01
 1.3266167e-01  3.7994671e+00  5.5604258e+00  1.0942253e-01 -2.1275465e+00  5.7383078e-01 -2.6571116e-01
 1.3266167e-01  2.3315363e+00  5.0122914e+00  8.2129851e-02 -2.6336572e+00  3.3834580e-01  1.5481095e-01
 1.3266167e-01 -6.4015274e+00 -7.0990486e+00  2.2464687e-01  1.5914429e+00 -1.6032660e+00 -5.1268451e-02
 1.3266167e-01 -2.7859230e+00 -2.8686025e+00  2.4832067e-01  1.7246993e+00 -5.8111262e-01 -9.7257465e-02
 1.3266167e-01  2.9587302e+00  1.0075992e+01 -5.8311385e-01 -2.1999180e+00  9.0045279e-01  1.8132269e-01
 1.3266167e-01  1.7413347e+00  1.8460690e+00  2.8434050e-01 -1.4870554e+00  5.7951099e-01 -4.4314340e-02
 1.3266167e-01  5.0240455e+00 -5.6062164e+00 -3.2036549e-01  2.0339127e+00  1.1343281e+00  3.8117647e-01
 1.3266167e-01  1.3525735e+01 -9.3983526e+00  5.7280567e-02  1.4009548e+00  2.1235783e+00 -1.5063900e-01
 1.3266167e-01  6.1912127e+00  8.5029435e-01 -4.6645859e-01 -4.2674851e-01  2.4743884e+00  2.1249540e-01
 1.3266167e-01 -6.7927003e+00 -2.6018448e+00  3.8801214e-01  4.8773682e-01 -1.8596663e+00  8.0216803e-02
 1.3266167e-01  9.1880345e-01  6.3701639e+00 -2.1814364e-01 -2.1805689e+00  6.6449350e-01  3.7160468e-01
 1.3266167e-01  3.9085617e+00 -7.5950093e+00 -4.6445344e-02  1.9842491e+00  9.7447693e-01  2.2756645e-01
 1.3266167e-01  1.1390790e+00  4.8474488e+00 -2.0670570e-01 -1.6230291e+00 -9.6596450e-02  4.0089801e-01
 1.3266167e-01  3.0188150e+00 -2.3113134e+00  1.5906373e-01  1.9504657e+00  7.7067298e-01  6.7093688e-01
 1.3266167e-01  3.8196392e+00  9.6515665e+00 -1.5165503e-01 -2.3589005e+00  6.6993594e-01  2.1899867e-01
 1.3266167e-01 -9.6504962e-01  5.5270476e+00 -9.0225644e-02 -1.6085519e+00 -2.9191858e-01  1.7808432e-02
 1.3266167e-01  4.6373850e-01 -2.1134529e+00  3.9777777e-01  2.1976533e+00 -2.0897371e-01  3.2518700e-01
 1.3266167e-01  2.9629006e+00 -7.7909160e+00 -2.9926103e-01  2.2497175e+00  9.4090295e-01  1.5264302e-01
 1.3266167e-01 -1.5788900e+00 -5.3427958e+00  2.3694634e-01  1.9748666e+00 -1.5794048e-01 -1.2898505e-01
 1.3266167e-01 -7.4474969e+00  5.1962752e+00 -1.3375393e-01 -1.2131553e+00 -1.7843134e+00 -2.0922422e-01
 1.3266167e-01 -5.8107457e+00  2.2037125e+00 -2.0690191e-01 -6.8738574e-01 -1.6310351e+00 -6.6070564e-02
 1.3266167e-01 -1.1064595e+00  1.4350660e+00 -5.6183523e-01 -1.1368198e+00 -1.2523799e+00  9.7968376e-01
 1.3266167e-01  2.2529259e+00  1.7783300e+00 -2.5021592e-01 -1.7837528e+00  1.6799226e+00  5.7873482e-01
 1.3266167e-01 -2.6250248e+00 -4.2405009e+00  2.8535026e-01  1.7621601e+00 -1.4394746e+00  1.0535193e-02
 1.3266167e-01 -1.4150500e-01 -1.8416651e+01  2.3385498e-01  2.2018132e+00  9.4932780e-02  3.9837930e-02
 1.3266167e-01  2.4163454e+00  7.6927223e+00  4.3394616e-01 -2.3565681e+00  1.2659404e+00  4.2662032e-02
 1.3266167e-01 -2.2082391e+00  1.0990984e+00  3.2774681e-01 -7.4754161e-01 -1.0778496e+00 -3.7086231e-01
 1.3266167e-01 -3.9000258e+00 -4.7754784e+00 -1.0737722e+00  1.6755613e+00 -1.5438352e+00 -4.5359246e-02
 1.3266167e-01  4.0383282e+00  2.5483508e+00  4.8608038e-01 -1.8053954e+00  2.0571816e+00 -4.1321006e-01
 1.3266167e-01  1.0424790e+01  6.7897291e+00 -2.6487625e-01 -1.5717105e+00  2.0960248e+00 -8.0746278e-02
 1.3266167e-01  2.2238872e+00 -2.3520353e+00  2.0514911e-01  1.2190732e+00  6.3043571e-01  1.8109807e-01
 1.3266167e-01 -2.8637295e+00 -9.6546566e-01  2.3702949e-01  4.3639702e-01 -1.7670457e+00 -1.0644637e-01
 1.3266167e-01  4.4795275e+00 -1.4195012e+00  3.1916189e-01  1.3760172e+00  2.4804168e+00 -2.4194771e-01
 1.3266167e-01 -1.2450393e+00  1.7621050e+01  1.4164659e-01 -2.4158902e+00 -5.7958454e-02  4.5202166e-02
 1.3266167e-01 -6.9088016e+00  3.2254255e+00 -4.3532223e-01 -8.2091826e-01 -1.0416274e+00 -1.4591807e-01
 1.3266167e-01  7.0893798e+00  3.5785639e+00  4.0877542e-01 -1.1633132e+00  2.4670575e+00  4.2852706e-01
 1.3266167e-01 -3.5198817e+00  4.1484907e-01 -2.3413888e-01 -1.9199136e-01 -1.9937658e+00 -1.6980739e-02
 1.3266167e-01 -7.4989331e-01  3.9134960e+00 -3.3650360e-01 -1.6900753e+00 -2.5752908e-01  2.4274710e-01
 1.3266167e-01 -3.0945992e-01 -1.2228758e+01  2.6643106e-01  2.3848989e+00 -2.4139464e-02  3.0487590e-03
 1.3266167e-01  6.5256639e+00  9.0066719e-01  1.0718192e+00  4.7884643e-02  2.8006794e+00 -1.2247090e-01
 1.3266167e-01 -6.3124001e-01  2.7271373e+00 -3.2457301e-01 -7.4727342e-02 -1.7429216e+00  4.1947505e-01
 1.3266167e-01 -5.7212734e+00  1.3834246e+00  6.3193716e-02 -4.8107094e-01 -2.0986428e+00 -1.6684192e-01
 1.3266167e-01  3.9620676e+00 -3.6718779e+00  1.4926560e-01  1.3135886e+00  1.9402196e+00  1.0801338e-01
 1.3266167e-01  2.7856452e+00  2.1310215e+00  7.6921903e-02 -1.8528153e+00  1.7605400e+00  7.5396553e-02
 1.3266167e-01  7.6542096e+00 -1.2543973e+00 -1.7636476e-02  9.0213221e-01  2.1793721e+00 -2.2457489e-01
 1.3266167e-01 -1.1113002e+01  1.0104777e+01 -2.1859355e-02 -1.6871617e+00 -1.5344787e+00  4.2393655e-02
 1.3266167e-01  8.9065094e+00 -7.9431760e-01  1.2817188e-01  2.3287012e-01  2.7447517e+00 -6.6856354e-02
 1.3266167e-01 -6.9229388e+00  4.0111885e+00 -2.6938081e-01 -1.1265415e+00 -1.6837895e+00 -5.8938585e-02
  5.1564801e-02   9.3681365e-03   5.7618374e-01   3.6231794e+00  -2.8795761e-01  -4.8050028e-01   3.6391643e-01
  5.1564801e-02  -1.4377784e+00  -1.9234021e+00  -1.3275473e+00  -5.7363093e-01  -2.0642247e+00   6.9072813e-01
  5.1564801e-02  -3.0980122e-01  -3.9506036e-01  -1.6911104e-02  -6.3555479e-02  -2.2787008e+00   5.2855320e-02
  5.1564801e-02   3.6186701e-01   2.7157691e+00  -2.5377824e+00   9.8196512e-01   3.1867248e-01  -2.8927159e-01
  5.1564801e-02   9.5315617e-01  -2.0907302e-01   2.0975881e+00  -4.5144862e-01   9.2821592e-01  -4.0398219e-01
  5.1564801e-02   2.4133394e+00   1.2124794e+00  -1.8014038e-01  -2.7766043e-01   2.6917061e-01   2.5871265e-01
  5.1564801e-02   2.4065630e-01  -7.4021846e-02   1.6022874e-01  -1.5681944e+00  -9.8279428e-01   1.9343711e+00
  5.1564801e-02  -1.6827649e+00  -1.5021056e-02   1.1686454e+00   2.9247465e+00  -1.6967855e-01   5.9309982e-02
  5.1564801e-02  -1.5684763e-01  -1.4744693e-01   4.0319678e-01   2.2140646e+00  -2.4934717e-01   9.1295254e-01
  5.1564801e-02  -1.5971844e+00   1.4460750e+00  -1.1358455e-02   9.9939364e-01   2.0718949e-01  -1.6353842e+00
  5.1564801e-02   1.4760703e+00  -2.1281159e-01   1.6106822e+00   1.7706513e+00  -9.0772994e-03  -1.2120308e-01
  5.1564801e-02  -2.7453235e-01  -2.4780624e-01   2.7444136e-01   1.3193687e+00  -2.5577822e-01   2.6574311e+00
  5.1564801e-02  -1.5005459e+00   1.6762671e+00   2.7068359e-01  -5.1185703e-01  -4.6256924e-01  -2.3196018e+00
  5.1564801e-02  -2.5394842e-01  -2.0863482e-01  -1.1711340e+00  -1.1486471e-01   2.7615588e+00  -2.0506926e+00
  5.1564801e-02  -3.7367296e-01   5.9178430e-01   2.4349481e-02   2.5614176e+00  -2.7077365e-01  -7.8660649e-01
  5.1564801e-02  -1.2843467e-01  -2.3175344e-01   1.8016243e-01   3.7640738e-01   1.4241701e+00   1.1452553e+00
  5.1564801e-02  -2.9781443e-01  -2.7538440e-01   2.4283797e-01  -1.2380083e+00  -5.0214994e-01  -1.0519644e+00
  5.1564801e-02  -7.1919215e-01   4.1979849e-03  -3.9011526e-01  -2.0953145e+00   3.3531076e-01  -1.7219102e+00
  5.1564801e-02   9.4294101e-01   2.1158950e+00  -3.7414998e-01  -1.2457885e+00   3.4412444e-01  -9.8383623e-01
  5.1564801e-02  -4.0965474e-01   7.8131729e-01  -3.8154620e-01  -3.9308721e-01   4.1743919e-01  -7.1930283e-01
  5.1564801e-02  -6.1074585e-01   2.4771380e-01  -6.8051487e-01  -4.1416886e-01  -3.0463323e-01  -6.7517471e-01
  5.1564801e-02  -2.7759433e-01   3.4249181e-01  -3.3645645e-01   3.9672160e-01  -4.5842355e-01   2.3943806e+00
  5.1564801e-02   1.9917668e-01   3.0052429e-01   5.2962554e-01   2.4676898e-01   9.7019899e-01  -9.6231334e-02
  5.1564801e-02   2.0348848e-01  -6.8565238e-01   6.6949248e-02   3.7592578e-01  -5.3060883e-01   5.2866614e-01
  5.1564801e-02   3.2607059e+00   2.7431781e+00  -1.2692623e+00  -2.9227239e-01  -1.2821993e-01   1.4815856e+00
  5.1564801e-02   4.2772585e-01  -6.1252356e-01   3.4991550e-01   3.3621442e-01   2.3902619e-01   1.2187554e+00
  5.1564801e-02   5.1045662e-01   3.4939653e-01   7.6386225e-01   8.1932420e-01  -2.8011686e-01   4.5334482e-01
  5.1564801e-02  -6.5760189e-01   6.5196812e-02   3.5442358e-01   9.8291284e-01  -5.7635325e-01   1.5438467e-01
  5.1564801e-02   1.1358939e-01   1.7346352e-02  -1.4788622e-01   1.3429603e-01   6.7858660e-01  -1.4450772e+00
  5.1564801e-02   6.4820707e-02  -7.8522640e-01  -1.2136677e-01   1.5674165e+00   4.7877958e-01   1.5356687e-01
  5.1564801e-02  -1.0999667e-01   8.9932984e-01   2.5835913e-01   4.3286547e-02  -1.3992559e+00  -2.4886042e-02
  5.1564801e-02  -6.1020136e-01  -1.2203166e+00   7.3447657e-01  -1.2804867e+00  -9.8713708e-01   1.2283272e+00
  5.1564801e-02  -5.4383183e-01  -6.9427401e-02   2.5621095e-01  -2.3108850e+00   1.7809318e-01   6.2133712e-01
  5.1564801e-02  -1.4794242e-01   7.7826434e-01   4.6454057e-01  -6.4458275e-01  -9.0630591e-02  -2.0725307e+00
  5.1564801e-02   1.1301414e+00  -6.5662134e-01   1.0620964e+00  -1.5644369e-01   3.6342764e-01  -1.5741144e+00
  5.1564801e-02  -5.5686951e-02   9.8800820e-01  -1.4772980e+00  -6.4038938e-01   1.1660263e-01   1.8474410e+00
  5.1564801e-02  -1.3133337e+00  -8.4040135e-01  -7.3953432e-01  -1.4595971e+00   6.8617567e-02  -8.1210291e-01
  5.1564801e-02   7.6342836e-02  -6.8648255e-01   3.5003476e-02   2.0579710e+00   1.5103693e+00  -4.4863632e-01
  5.1564801e-02  -1.5073463e-01  -1.3517840e+00  -1.0325534e+00  -1.1554295e+00   1.3710326e+00  -4.6628565e-01
  5.1564801e-02  -9.3956076e-02  -1.2182425e-01   1.5098450e-01   9.4539887e-01   1.4689773e+00   1.2501262e+00
  5.1564801e-02  -1.4123680e-01  -5.1323795e-01   2.3017448e-01   1.2223946e-01   5.8358735e-01   2.5426573e-01
  5.1564801e-02  -3.7842876e-01   5.0440633e-01  -5.1425534e-01   1.5545465e-01  -1.1042300e+00  -2.1102738e-01
  5.1564801e-02   1.8832933e+00  -2.1678994e+00  -3.2880601e-01  -1.8295323e+00   1.1723586e+00  -6.8326360e-01
  5.1564801e-02  -4.0659457e-02  -2.9886591e-01   2.9902077e-01   8.1861466e-02  -1.7183933e+00   9.4855726e-01
  5.1564801e-02   5.2674830e-02  -2.6241767e-01   1.4202845e-01   1.8290114e+00   1.5379483e-01  -1.6311176e+00
  5.1564801e-02  -7.9524571e-01  -6.6771734e-01   3.3338159e-01   9.9720991e-01   1.3507552e+00   1.1295078e+00
  5.1564801e-02  -2.1738544e-01  -4.8261654e-01  -3.9930880e-02   3.0956632e-01   5.6823272e-01   2.3222712e-01
  5.1564801e-02  -4.1848147e-01  -3.3459982e-01   3.8901633e-01   1.8127863e+00  -9.1667664e-01  -7.6512402e-01
  5.1564801e-02   3.8141423e-01   2.3121807e-01  -3.8786244e-01   9.1519511e-01  -5.1206541e-01   2.2853889e+00
  5.1564801e-02  -5.3398579e-01  -3.1843612e-01   5.4003787e-01   4.6829703e-01   1.3953729e+00   2.4075481e-01
  5.1564801e-02  -5.1712267e-02   4.6895629e-01   1.9941686e-01   9.7568572e-01  -1.1798118e+00   1.1967237e+00
  5.1564801e-02  -2.5058538e-03   5.2973741e-01  -3.3175740e-01  -2.0270000e+00  -9.1197681e-01   2.0302405e+00
  5.1564801e-02   9.7143158e-02  -3.0554557e+00   1.2835009e+00  -2.7978554e+00   1.9098134e+00   1.0372213e+00
  5.1564801e-02  -2.3883991e+00   3.4161389e-01   1.1460254e+00  -5.0869608e-01   1.0807973e+00  -5.0747877e-01
  5.1564801e-02   4.9062953e+00   2.1639750e+00   4.7919384e-01  -9.7767520e-01  -1.8852258e-01   4.9826783e-01
  5.1564801e-02   8.1648761e-01  -9.4545597e-01   1.5302155e+00   8.3637881e-01   8.0040586e-01   2.8031364e-02
  5.1564801e-02   4.4004047e-01   3.2604814e-02  -3.5820740e-01  -1.4966480e+00   4.1493666e-01  -1.6460739e+00
  5.1564801e-02  -7.4523434e-02   5.5965126e-02   7.9029687e-02  -7.3535478e-01  -1.7792590e+00   3.4208661e-01
  5.1564801e-02   4.8031658e-01  -5.0322574e-01   5.8937621e-01  -3.8487181e-02   5.0364250e-01   8.1276113e-01
  5.1564801e-02  -1.1628772e-01  -3.7874952e-02  -3.8280338e-02  -1.7885630e+00  -1.2345500e+00  -1.3592352e+00
  5.1564801e-02   5.8305413e-01  -6.9189727e-01  -1.1986585e+00  -5.2293670e-01   8.5521802e-02   5.1446521e-01
  5.1564801e-02  -3.8660023e-01   1.3157168e-01  -9.0142772e-02   1.4445493e-01  -4.7143376e-01   1.7660680e-01
  5.1564801e-02  -1.1185225e-01  -2.1961066e-01   4.5533752e-01   9.8823428e-01  -4.5727345e-01   2.0777467e-01
  5.1564801e-02   3.0174774e-01   4.3115819e-01  -5.2612108e-01  -2.6476896e-01   1.3535618e+00   8.8104671e-01
  5.1564801e-02   3.6197531e-01  -4.2734724e-01  -2.2912744e-01   5.9322965e-01  -1.4838728e+00   1.2729771e+00
  5.1564801e-02  -3.1305248e-01  -5.9564060e-01   2.0296744e-01   1.6963543e+00  -1.9630688e+00   2.8774011e-01
  5.1564801e-02  -1.1055014e-01  -4.4206035e-01   9.7831637e-03  -9.7966301e-01  -9.8603442e-02   2.0357192e-01
  5.1564801e-02   5.9773731e-01  -1.0130496e+00   7.4667597e-01  -2.1459419e-01   1.8938082e+00  -3.3258753e+00
  5.1564801e-02  -1.6866772e+00  -2.9967456e+00  -3.5408053e-01  -2.4539462e-01   8.3144230e-01  -5.4939258e-01
  5.1564801e-02   9.0290910e-01  -2.4854293e-01  -7.8667516e-01  -1.9334137e-02  -4.8108763e-01   4.2844158e-01
  5.1564801e-02   5.0813186e-01  -1.2581728e+00   6.1212331e-01   5.5051488e-01  -1.1132020e+00  -1.2462775e+00
  5.1564801e-02   4.4105017e-01  -5.7122797e-02  -1.2724094e+00   5.6903124e-01  -1.1559738e+00  -2.7338648e-01
  5.1564801e-02  -2.9099171e+00   1.9419913e+00  -2.0569110e+00   2.0774865e+00  -1.9680966e-01  -3.2475747e-02
  5.1564801e-02  -1.0333718e+00   3.7900114e-01  -7.0769489e-01   1.7784015e+00  -3.6443502e-01  -8.0316216e-01
  5.1564801e-02  -4.7841918e-01   1.8310094e-01   1.1150873e-01   6.4613062e-01  -2.1345358e+00  -2.9405487e-01
  5.1564801e-02  -2.3139864e-01  -2.4380969e-01   1.7779481e-01  -1.3736902e+00  -3.0070336e+00  -1.2773867e-01
  5.1564801e-02  -4.5819497e-01   4.6352154e-01   3.4618467e-01  -1.2239892e+00   4.1199811e-03   6.4254159e-01
  5.1564801e-02   1.6324261e+00  -1.8013008e+00  -3.5281926e-03  -1.0398671e-01  -4.0709084e-01  -1.3596334e+00
  5.1564801e-02  -2.0699555e-01  -1.6127357e-01   3.0006802e-01  -1.4408506e+00   2.0246069e-01  -2.7516401e-01
  5.1564801e-02   2.7734831e-02  -4.8785985e-01   1.0763876e+00  -1.8857434e+00  -8.2748592e-01  -1.4524190e+00
  5.1564801e-02  -4.1165957e-01  -6.0439175e-01   4.9333927e-01   2.3258023e+00   1.8923872e+00   3.6199111e-01
  5.1564801e-02  -1.1957889e+00   2.0588374e+00  -9.1709942e-01  -9.1118443e-01  -6.9259214e-01  -2.8642505e-01
  5.1564801e-02   1.2605736e+00   2.9269555e+00  -8.8213342e-01   2.1058545e+00   1.3595136e+00  -1.1120065e+00
  5.1564801e-02   2.1697612e+00   2.3046881e-02  -6.1867654e-02   7.2606027e-01   2.4257548e-01   8.8656890e-01
  5.1564801e-02  -2.9849118e-01  -4.5113641e-01   7.6819129e-02  -9.4141960e-03   1.7592515e+00   1.5993631e+00
  5.1564801e-02  -7.4407917e-01  -4.2929810e-01  -5.7565793e-02  -2.1313219e+00   5.2048254e-01  -1.2608210e+00
  5.1564801e-02  -1.0488912e-01  -3.0222026e-01  -5.3781861e-01  -5.7448798e-01   2.5197470e-01  -9.1017067e-01
  5.1564801e-02  -1.1852043e+00   3.5560334e-01   7.7379698e-01  -1.3936355e+00   2.7756932e-01   5.4037702e-01
  5.1564801e-02   3.0793533e+00   2.7984717e+00  -1.5412889e+00   7.1638238e-01  -1.7534848e-01   5.3937072e-01
  5.1564801e-02  -1.5274211e+00   3.1265073e+00  -1.4723352e-01  -1.2309468e-01  -3.0205589e-02   3.4449008e-01
  5.1564801e-02   1.5932055e-01   8.1834561e-01  -2.0597789e-01   4.6728534e-01  -7.7441072e-01   2.3817108e+00
  5.1564801e-02  -1.7764353e+00   2.2230487e+00  -3.4567082e+00  -8.5633081e-01   3.8906593e-02   1.1218811e+00
  5.1564801e-02  -6.0687649e-01  -8.2243794e-01  -4.3189776e-01  -3.5538131e-01   2.5202721e-01  -8.0120200e-01
  5.1564801e-02   3.1021283e+00   3.2464826e-01  -1.7944465e+00  -1.0497684e+00   3.9393198e-01  -1.5415975e+00
  5.1564801e-02   5.0322697e-02  -9.8872349e-02   3.5706756e-01   1.3815248e-01   9.3736887e-02  -5.3214681e-01
  5.1564801e-02   5.4581374e-02  -5.1622748e+00   5.9212673e-01   5.9079570e-01   1.8186304e-01   5.9429163e-01
  5.1564801e-02  -4.8287457e-01   2.4552917e-01   1.2648401e+00  -2.9668027e-01   1.3709465e+00   2.9329052e+00
  5.1564801e-02  -1.3214651e+00  -2.1979067e+00   5.6197560e-01   1.1506341e+00  -8.5777962e-01   8.8754743e-03
  5.1564801e-02  -6.4353281e-01   9.4653958e-01   9.7830456e-01  -1.7658077e+00   7.0764029e-01  -9.6057779e-01
  5.1564801e-02   4.2407674e-01  -2.8633484e-01  -5.9204549e-03   2.9475024e-01   6.2171960e-01  -2.7238276e+00
  1.4095558e+00  -3.9668987e+01  -4.6189294e+00   1.3197308e+01   1.0463153e+00   1.1004293e+00   1.7419963e+00
  1.4095558e+00   8.6463623e+01  -5.4539009e+01  -1.0447172e+01  -2.8393519e-01   5.9271550e-01   2.1236518e-01
  1.4095558e+00   1.5877942e+01   1.3219207e+01   5.9657112e+01  -1.1898352e+00  -3.3737384e-02   9.9523622e-01
  1.4095558e+00  -7.6904213e+01   1.6280451e+00   2.4389885e+01   4.1868873e-02   2.9800418e-01  -1.2080637e+00
  1.4095558e+00  -2.7579670e+01   3.2266289e+01  -6.6984962e+01   5.3057718e-01  -5.4595304e-01  -1.2417212e+00
  1.4095558e+00   1.9024527e+01   8.8409834e+00  -7.3309941e+00   2.3332326e+00  -8.2531065e-01  -1.1929325e+00
  1.4095558e+00   3.0128112e+00   3.4722714e+00  -4.2258954e+00  -2.4484044e-01   2.7103904e-01   7.1362182e-03
  1.4095558e+00  -4.0154667e+00  -3.2257814e+00  -9.6099215e+00   6.8627298e-01   6.8071879e-02  -1.9132391e+00
  1.4095558e+00   1.9655277e+01   6.7069550e+00   7.1819968e+00   9.2976034e-01  -1.2085973e+00  -2.8651875e-01
  1.4095558e+00   2.5594048e+01   8.7065277e+01  -2.0422285e+01  -6.7893982e-01   2.7463958e-01   4.2016855e-01
  1.4095558e+00  -1.9573074e+01   2.3745895e+01  -7.4778767e+00   2.7068704e-04  -8.6991680e-01  -1.0131984e+00
  1.4095558e+00   1.0302606e+00   2.4654045e+00  -5.2500725e+00  -1.1614871e+00  -1.9838644e+00  -1.8776289e+00
  1.4095558e+00  -5.0666641e+01  -2.4374561e+00  -1.0205912e+02   5.0702665e-02   2.1813083e-01   3.2809886e-01
  1.4095558e+00   5.8213394e+01   1.1546688e+01   9.4446945e+00   1.2474701e+00  -7.0230615e-01   7.7662379e-01
  1.4095558e+00   8.5921469e+00  -1.8903754e+00  -4.9026513e-01  -9.0590400e-01  -1.7148658e+00   5.0410497e-01
  1.4095558e+00  -1.1456085e+01  -1.7393278e+00  -3.6515031e+00   1.0755440e+00   1.2510248e+00  -1.9147320e+00
  1.4095558e+00   5.0954292e+01  -6.7398481e+00   4.8954418e+01  -2.3848790e-01   5.0018203e-01   1.4420199e+00
  1.4095558e+00  -5.2134047e+00  -1.2123326e+01   6.2834306e+00   1.2849506e+00   2.2211373e+00  -2.3453560e+00
  1.4095558e+00  -2.9991314e+00   2.2639633e+01  -5.9753780e+00   2.4642763e+00   1.4882631e+00  -4.6649799e-01
  1.4095558e+00  -2.0300255e+01   3.2654099e+01  -9.8305912e+00  -1.5306134e+00  -2.6057771e-01   9.4941515e-01
  1.4095558e+00  -6.7756901e+00   2.1805344e+00  -3.7006409e+00  -2.9479074e+00  -2.7089763e+00   2.6670736e-01
  1.4095558e+00  -8.4032631e+00  -2.5451918e+01  -9.2843876e+00   1.5541427e-02   1.2875605e+00   8.3939064e-01
  1.4095558e+00   8.6332451e+01  -1.2003935e+01   1.7335287e+01   1.0737542e+00  -6.0632366e-01  -1.9669303e-01
  1.4095558e+00   6.3429546e+00  -1.2508229e+01  -5.5663128e+00  -2.0279741e+00  -1.2799695e+00   3.5313329e-01
  1.4095558e+00  -1.4153833e+01  -2.0756002e+01   6.5186801e+00  -1.1019308e-01  -1.6781677e+00  -3.7212777e-01
  1.4095558e+00  -2.9410780e+01   1.4645485e+01  -1.1772957e+01   1.9550101e+00  -1.2744097e+00   1.7963275e-01
  1.4095558e+00  -1.9214277e+01   4.1241770e+00  -2.2362940e+00  -2.1938646e-01   1.0993272e+00   4.2908296e-01
  1.4095558e+00  -2.2249304e+01   6.6088928e+01  -4.4315896e+00  -2.3055673e-01  -1.6427347e-01   1.3728349e+00
  1.4095558e+00  -2.4107687e+01  -1.1231515e+01   2.3268852e+01  -2.0284541e-02  -2.0900745e+00   1.2960969e+00
  1.4095558e+00  -4.7644482e+00   3.4770551e+00  -9.6481314e+00  -4.2231965e-01   6.3860923e-01  -7.3079365e-01
  1.4095558e+00   3.4641292e+00  -5.2970905e+00  -9.4811172e+00  -1.9654500e-01   1.7412301e+00  -6.5426010e-01
  1.4095558e+00  -1.3563826e+01  -4.2535839e+00  -4.9756477e+01  -1.2606374e+00   1.2686850e+00   1.2701195e+00
  1.4095558e+00   5.1876324e+01  -3.9329826e+01   5.7393703e+01   1.3215692e-01  -2.3783498e-02   3.5065547e-02
  1.4095558e+00   1.9077206e+01   1.2158089e+01   5.0661168e+00   4.8121977e-01  -2.2050923e-01  -1.5552759e+00
  1.4095558e+00   2.8987822e+01  -6.6792915e+01  -1.3704828e+01   6.6124380e-01  -1.0281984e+00   5.0072688e-01
  1.4095558e+00   2.9107496e+01  -3.0481571e+01   5.1689247e+01   1.8456742e-01  -8.5380197e-01   1.1503096e+00
  1.4095558e+00  -3.6435459e+01  -2.3040781e+01  -1.2428020e+01   1.2904131e+00  -9.1463292e-01  -1.8934901e+00
  1.4095558e+00  -2.3032274e+01   7.7748880e+00  -1.1379202e+01   4.0903020e-01  -2.4246380e+00   1.7369087e+00
  1.4095558e+00  -2.7583336e+01   2.4819246e+01  -6.8723803e+00  -1.2782518e+00   1.6510813e+00  -1.5184060e+00
  1.4095558e+00   5.9188786e+00  -1.9698427e+01  -1.3071770e+01   8.0488211e-01  -1.6211928e+00  -1.5789224e+00
  1.4095558e+00  -5.2445250e+00  -2.3379580e+01   1.2244869e+01  -9.1293514e-01  -1.6818618e+00   1.3279760e+00
  1.4095558e+00  -2.4027998e+01  -3.7628624e+01   2.9116898e+00  -1.3708662e+00  -5.6031156e-01  -1.2414606e+00
  1.4095558e+00   2.5654869e+01  -2.4281847e+01   1.8368525e+01  -1.5944573e+00   4.9974695e-01  -1.9199033e+00
  1.4095558e+00  -2.7349977e+01   5.4133926e+01  -1.9961029e+01  -7.6480305e-01   9.7241260e-02  -1.9146746e-01
  1.4095558e+00  -1.2403787e+02   3.7229505e+00   7.2108383e+01  -1.6412061e-01  -1.9972515e-01  -1.9071192e-01
  1.4095558e+00   8.3898032e-01  -7.0390242e-01  -3.0602922e+00  -1.6197497e+00   4.3075199e+00  -4.4448930e-01
  1.4095558e+00  -8.8272324e+00  -2.9994514e+00  -1.2022327e+01   1.0319990e+00   1.8227015e+00   2.5402615e+00
  1.4095558e+00   7.5900139e+01   5.9751160e+01   4.3852348e+01  -6.0437165e-02  -5.2821837e-02  -4.2102356e-02
  1.4095558e+00  -4.1127590e+01   5.7458389e+01   2.1564108e+01   7.3673868e-01  -1.8766615e-01  -1.3272114e+00
  1.4095558e+00  -5.4854975e+00  -5.8440132e+00  -1.2487795e+01  -1.4612898e+00   5.6010044e-01  -5.6556863e-01
  1.4095558e+00   1.9298958e+01  -1.6935326e+01   1.3959005e+01   1.7616431e+00   2.0535365e-01   1.4335790e+00
  1.4095558e+00  -2.2868574e+01  -1.1208518e+00   9.8031044e-02  -4.0897429e-01   2.3278501e+00   1.2088583e+00
  1.4095558e+00   3.5924732e+01   1.0065662e+02   2.9606401e+01   3.1215557e-01  -3.1151834e-01   1.7746404e-01
  1.4095558e+00   1.0666814e+01   3.9788055e+00  -1.0744681e+01  -2.0538070e+00   9.6793628e-01   1.7848318e+00
  1.4095558e+00  -2.8670465e+01  -6.8768288e+01   4.5275471e+01   4.0571019e-03   1.2233418e+00   4.9382111e-01
  1.4095558e+00  -8.1882858e+00   6.2161522e+00  -4.9008632e-01   1.8415868e-01  -9.9801373e-01   9.8461813e-01
  1.4095558e+00  -8.0756187e+00   2.6135363e+01  -4.5154924e+00  -1.7338672e+00   7.0775139e-01   6.1272129e-02
  1.4095558e+00  -1.7998991e+01  -3.1657946e+01  -2.5283237e+01  -5.8373280e-02   7.9107821e-01   1.4731163e+00
  1.4095558e+00  -5.5472626e+01   4.8118329e+00  -1.9497971e+01   2.0425582e-01  -8.3909559e-01  -1.1430218e-01
  1.4095558e+00  -5.2203236e+00   1.0568018e+01  -2.2857605e+01   9.3848759e-01   1.5550131e-01   3.3221459e-01
  1.4095558e+00  -3.2735913e+00  -8.0603809e+00  -1.0681475e+01   6.5861428e-01  -1.9179860e-01  -1.9279462e+00
  1.4095558e+00  -9.3109217e+00  -6.3575587e+00  -1.3378410e+01  -4.7183782e-04  -1.1940072e+00   4.5928302e-01
  1.4095558e+00  -8.5471672e+01   1.8809982e+01  -1.1503170e+01   2.2649774e-01   4.0784183e-01  -1.5102002e-01
  1.4095558e+00  -7.0347986e+00   5.3992493e+01   5.1639481e+01  -6.1444342e-01   1.2951442e+00  -3.8539436e-01
  1.4095558e+00   1.2286371e+00   6.6053514e+00  -1.9849184e+01   6.7206755e-02  -1.9905902e+00  -6.3545924e-01
  1.4095558e+00  -2.7681425e+01  -2.6474604e+01   2.7818666e+00   1.3430831e-01   6.5905118e-01   1.5309480e+00
  1.4095558e+00  -1.8813234e+01  -2.1492039e+01  -6.8466940e+00  -4.6904959e-02   1.0804756e+00  -5.6126099e-02
  1.4095558e+00   1.1292344e+01   2.8594728e+01   3.5223331e+01   6.3160813e-01  -1.2051401e+00  -1.6798618e+00
  1.4095558e+00   1.3265653e+01  -1.9379770e+01  -1.6105093e+01   4.3971296e-02   6.4399548e-02   9.0683019e-01
  1.4095558e+00  -2.2669085e+01   1.5949379e+01   2.1431908e+01   8.4096271e-01   8.9591533e-01   4.0397564e-01
  1.4095558e+00  -2.4399441e+01   1.0196437e+01   7.1727669e+01   9.2343129e-02   6.5291184e-01   4.9274239e-01
  1.4095558e+00  -5.0993919e+01   5.2142038e+00  -4.1508007e+01   1.3945206e+00  -7.0149821e-01   3.0624026e-01
  1.4095558e+00   5.1854923e+01   9.5606174e+00   4.1900200e+01   1.2086748e+00  -4.6295878e-01  -9.6105921e-01
  1.4095558e+00  -1.0713637e-01  -1.9276844e+00  -3.6941853e+00  -9.2050397e-01  -2.6426525e+00   2.3217621e+00
  1.4095558e+00   9.3266764e+00  -9.0693569e+00  -3.6700957e+00   1.4900289e+00   2.4724224e+00   2.0707977e+00
  1.4095558e+00   4.6102840e+01  -6.1881432e+01   4.4840858e+01   2.0374152e-01   2.6439184e-01  -1.1132030e-01
  1.4095558e+00   2.8549351e+01   3.2936920e+01  -3.1968363e+01  -7.5184204e-02   8.7326884e-01   1.7152095e+00
  1.4095558e+00   4.3086882e+00  -4.5111284e+00   3.8208866e+00   9.5726025e-01  -2.2844827e+00  -1.7295148e+00
  1.4095558e+00   3.7279991e+01  -8.9868145e+00   5.8324951e+01   9.6858317e-01  -4.8196939e-01  -8.6809963e-01
  1.4095558e+00  -5.5513573e+00   3.1513979e+00   1.0633213e+01  -9.2975044e-01   2.0104802e+00  -1.6708096e+00
  1.4095558e+00  -2.4876488e+01   3.9191994e+01   3.9459019e+01   7.7721119e-01   6.0488880e-01   6.7638117e-01
  1.4095558e+00   1.8707815e+01  -4.3921745e-01   9.5779858e+00  -3.5732888e-02   1.1870463e+00  -2.3033936e+00
  1.4095558e+00   5.5975037e+00   2.0465000e+00   9.9288416e-01   2.5170734e+00  -3.4951408e+00   2.5297253e+00
  1.4095558e+00  -6.0238811e+01  -2.9501194e+01  -5.6090984e+01   3.5379462e-02   4.4289449e-01  -1.0673218e-01
  1.4095558e+00   2.4251074e+01  -4.3202736e+01   9.3586750e+00   6.3519669e-01  -8.3956170e-01  -2.0656109e+00
  1.4095558e+00   3.1496267e+01  -1.1824375e+01  -2.3059118e+01   1.3439265e+00   4.5942435e-01   1.8535234e+00
  1.4095558e+00   1.4531531e+01  -2.3576331e+00  -3.7709248e+00   2.1056700e-01   2.4090347e+00  -2.2860098e+00
  1.4095558e+00  -3.7240703e+00   4.1318214e-01   1.2119098e+00  -1.6395561e+00  -2.0326197e+00   8.6699516e-01
  1.4095558e+00   1.6974504e+01   8.7855244e+00  -1.1713238e+01  -1.8332022e-01   1.2876010e+00   6.0887718e-01
  1.4095558e+00   2.4661766e+01   2.6161810e+01   3.2545364e+01  -6.7083180e-01   8.6189896e-01   1.6715509e-01
  1.4095558e+00  -3.6509182e+01   4.8441414e+01  -6.7606293e+01  -2.5632539e-01   6.6666216e-01  -1.6450182e-01
  1.4095558e+00  -5.1850563e+01   1.8672653e+01  -6.2629341e+01  -1.0614579e+00   7.7595806e-01   3.1713283e-01
  1.4095558e+00  -1.3340022e+01  -5.3510521e+01  -3.5316330e+01  -8.0016263e-02  -1.5571598e+00   4.5628467e-01
  1.4095558e+00   6.0124069e+01  -6.8249578e+00   9.4495201e+00  -1.1602054e+00  -2.0449394e-01   9.8019618e-01
  1.4095558e+00  -1.8912930e+01  -7.2693253e+00   7.3186536e+00  -1.1202303e+00   2.5997419e+00  -1.1847692e+00
  1.4095558e+00  -5.5333605e+00   1.3269164e+01  -6.3819466e+00  -4.4853103e-01   6.9131029e-01   4.2388219e-01
  1.4095558e+00  -1.1223598e+00   2.3346791e+00  -3.4056497e-01  -1.9395329e+00   2.2914350e+00  -7.1324354e-01
  1.4095558e+00  -7.3059025e+00  -5.1876669e+00   3.3525742e+01   7.1730125e-01   4.0733817e-01  -1.8928066e-01
  1.4095558e+00   1.2868190e+01  -3.7187895e-01  -5.6797962e+00  -5.3209889e-01   6.6863251e-01   9.0369087e-01
  1.4095558e+00   1.8713288e+00   2.2790003e+01  -7.2731981e+00  -1.7731705e+00  -1.5386839e+00  -1.7993221e+00
  1.4095558e+00   6.8923372e-01  -2.7835808e+01   2.4283419e+01  -3.1419289e-01  -3.4234214e-01   5.7098633e-01
  1.4095558e+00   2.5360531e+01   8.0718870e+00   5.1604223e-01   1.6829355e+00   1.4148568e+00  -1.4635341e+00
  1.4095558e+00  -5.3647068e+01   3.0882214e+01  -3.0554907e+01  -3.6140883e-01   7.7009618e-01   5.1761854e-01
  1.4095558e+00   6.1926723e-02  -1.1582774e+01  -8.9299974e+00  -1.1304797e+00   1.6830202e+00   2.3355494e+00
  1.4095558e+00   3.8906647e+01  -3.1603333e+01   5.0513432e+01  -8.0455488e-01   9.3509310e-01   7.2424662e-01
  1.4095558e+00  -8.0123053e+00   4.0558411e+01   2.7650161e+00  -1.6983930e+00   1.7985181e+00   4.0197760e-01
  1.4095558e+00   2.6399094e+01  -3.8139923e+01   5.3448494e+01  -7.3685324e-01  -1.4114547e-01   6.7746925e-01
  1.4095558e+00   1.4406020e+01  -1.4710423e+01   1.1581607e+00  -1.3713013e+00  -1.3323176e+00  -7.4011630e-01
  1.4095558e+00   1.9513395e+01   3.3043884e+01  -3.9273998e+01   1.4044455e+00  -1.6044214e+00  -8.8397428e-02
  1.4095558e+00   1.1137599e+01   1.3214319e+01  -2.7674046e+01   3.1867158e-01  -5.3325105e-01  -1.4598424e+00
  1.4095558e+00  -5.3820362e+01   1.3469402e+01   1.6000378e+01   1.7773958e+00   4.4069055e-01   4.6566775e-01
  1.4095558e+00   5.5679661e+01   2.5433969e+01   4.6209522e+01  -9.0768807e-02  -5.2697033e-01   7.5017583e-01
  1.4095558e+00   5.2103764e-01   6.5209942e+00   4.2387848e+00   1.9374801e+00   1.0309701e+00  -6.0728127e-01
  1.4095558e+00   1.3722330e+01   5.7713022e+00  -8.0772171e+00   2.9690151e+00  -1.1292230e+00   2.1095572e+00
  1.4095558e+00  -7.7710648e+00  -1.2398773e+01   7.1138101e+00  -2.6965804e-02   1.6896409e+00  -9.7659445e-01
  1.4095558e+00   5.2725649e+00  -4.8243637e+00  -1.7132088e+00  -1.4533294e+00   1.3622514e+00   2.2570715e+00
  1.4095558e+00  -8.8964453e+00   5.2664734e+01   7.9824204e+00   5.1190609e-01   2.4026623e-01   1.9013447e+00
  1.4095558e+00  -4.1766310e+00  -4.2339220e+00   5.1069465e+00   1.0197624e+00  -2.6121838e+00   6.9608754e-01
  1.4095558e+00   1.6733427e+01   8.4818764e+00  -3.4753885e+00   1.3328991e+00  -2.0061767e+00   2.9228309e-01
  1.4095558e+00   1.6929289e+01   4.8464790e+01  -4.0498451e+01   1.2130893e+00   7.2605789e-01  -1.2965450e+00
  1.4095558e+00   2.3462276e+00   1.9107455e-01  -3.9844515e+00   4.3294559e+00  -2.6923040e-01   7.3028952e-01
  1.4095558e+00   1.4503634e+01   1.0470592e+01  -1.1109741e+01   6.1424017e-01   9.0380853e-01  -7.4645847e-01
  1.4095558e+00   5.2991173e+01  -5.4707174e+00   2.9692636e+01   1.3144126e+00   1.0512698e+00  -5.6151044e-01
  1.4095558e+00   4.0478359e+01   2.9039445e+00  -6.1077332e+00  -1.7211831e-01  -1.1049533e+00   3.7690520e-01
  1.4095558e+00   7.2971069e+01   1.7433790e+01   2.9013582e+01  -8.0397612e-01  -6.1386240e-01   7.4040025e-01
  1.4095558e+00   1.0695958e+01  -1.8691212e+01   9.5731201e+00  -1.0840491e-01  -9.1181457e-01  -9.1900963e-01
  1.4095558e+00  -8.4593887e+01  -2.0182434e+01   1.4061570e+00  -7.1745294e-01  -6.0294616e-01   5.8366537e-01
  1.4095558e+00  -2.4142155e+01  -7.7875984e-01   1.6157370e+00   1.0405582e+00   6.0471809e-01  -2.3349855e+00
  1.4095558e+00   7.6604294e+01  -4.9487480e+01   2.9583883e+00   4.0809348e-01  -4.5741817e-01   7.9627424e-01
  1.4095558e+00   3.5688510e+00  -1.1448808e+02  -1.5090437e+01  -7.9022273e-03   1.8532187e-02  -4.9966761e-01
  1.4095558e+00   1.0964500e+01  -8.3557057e-01   1.9040427e+00   1.3041762e+00  -2.6661892e+00   8.7360686e-01
  1.4095558e+00   2.8212980e+01  -3.2165318e+00  -3.5618546e+01   2.6055369e-01   2.4301317e-01   5.8006287e-01
  1.4095558e+00  -6.2177591e+00  -1.6936861e+01  -1.8352684e+01   7.7303660e-01  -1.4794222e+00  -7.1540719e-01
  1.4095558e+00   4.6461006e+01   1.7016443e+01  -3.2082863e+01  -5.6225407e-01   8.9619297e-01  -1.5606953e-01
  1.4095558e+00   1.0524788e+02  -5.8774513e+01  -2.3127285e+01  -4.8773587e-03   1.0790063e-01  -6.4277694e-02
  1.4095558e+00   1.7444042e+01   1.6791555e+01  -6.7074232e+00  -1.6109979e+00  -4.2949340e-01  -1.2138450e+00
  1.4095558e+00   1.4766513e+01  -1.0756916e+01   3.4675220e+01  -1.8871851e+00   1.3108764e+00   8.9706564e-01
  1.4095558e+00  -3.1321309e+00   2.8913610e+00  -2.2680063e+00  -5.7233411e-01  -7.1444517e-01  -2.8603530e+00
  1.4095558e+00   2.5281881e+01   2.8477468e+00  -3.4859276e+00   2.4623072e+00  -7.8739762e-01  -3.0321729e-01
  1.4095558e+00  -5.5426245e+00   2.5392706e+00  -8.3358803e+00  -3.7036273e+00   8.4366959e-01  -6.2623435e-01
  1.4095558e+00   1.0069567e+01  -6.6301224e+01   5.0269634e+01  -4.3600368e-01  -4.5578900e-01  -2.0160985e-01
  1.4095558e+00   1.3980133e+01  -1.4120171e+01  -5.2786779e+00  -1.3472122e-01  -4.7840366e-01  -1.4231150e+00
  1.4095558e+00   8.4357681e+00   7.0207184e+01  -2.5633301e+01   1.5639365e-01  -9.8682845e-01   9.5225662e-01
  1.4095558e+00   9.4596033e+00  -1.4174067e+01  -1.3829254e+01  -2.4579358e+00  -1.3718790e+00  -3.3553797e-01
  1.4095558e+00   5.8838505e-01  -4.3227763e+00  -1.2661232e+01   2.9532206e+00  -5.2395225e-01   1.7181184e+00
  1.4095558e+00   1.5913928e+01   2.0077368e+01   2.8039204e+01  -3.9346017e-02   7.7537286e-01  -7.3993951e-01
  1.4095558e+00   8.8334208e+00  -4.7825402e-01  -1.2276499e+01   1.0814403e+00  -1.6843921e+00   3.3451819e-01
  1.4095558e+00   2.7268612e+01  -4.3788437e+01   8.2189884e+00  -4.4629765e-01   2.4437410e-01  -8.0054224e-01
  1.4095558e+00  -2.3228928e+01   4.6193306e+01   5.2603539e+01   5.8696055e-01   8.5918313e-01  -1.0630183e+00
  1.4095558e+00  -3.6409725e+01  -2.4025261e+01   5.9728656e+00   2.6988542e-01  -8.5600263e-01   2.5957517e-02
  1.4095558e+00   2.0536812e+01  -1.6173077e+01   9.8793964e+00  -1.3015628e+00  -1.4318560e+00  -2.0694122e+00
  1.4095558e+00  -3.3874374e+01  -3.3604263e+01   7.0891899e+01  -3.0991770e-02   7.6452494e-01  -8.2369494e-01
  1.4095558e+00   8.2010424e-01   1.2372752e+01  -9.8285952e+00  -2.4567463e+00   1.7114408e+00  -1.0886896e+00
  1.4095558e+00  -2.2113653e+01   1.5246297e+01  -3.2339657e+01   3.1221309e-01   1.0882062e+00   1.0154045e+00
  1.4095558e+00   2.2069408e+01  -4.7640610e+01   2.3641092e+01  -3.6505947e-01  -1.3210498e+00   1.1094463e+00
  1.4095558e+00   5.3116446e+00  -7.7457488e-01   6.9335427e+00  -3.8596070e-01   1.1205597e+00  -1.3994739e+00
  1.4095558e+00   9.8131428e+00  -2.6249869e+00  -1.8781822e+01  -1.0771469e+00  -7.7571285e-01   1.5062577e+00
  1.4095558e+00   1.9359348e+01  -3.5897079e+00   1.8587955e+01  -1.2001209e+00   6.9675736e-02  -2.8220842e+00
  1.4095558e+00   2.7756744e+01  -3.5096825e+01   3.4210571e+01  -1.0943037e+00   9.4392896e-01   9.0165693e-01
  1.4095558e+00  -1.6242435e+01   6.9708714e+00  -2.7422531e+01  -1.2393654e-01   2.0954466e+00  -2.2432813e-01
  1.4095558e+00   1.0047462e+01   1.4872178e+01  -6.1206808e+00  -2.0926373e+00  -9.4990051e-01   1.8662075e+00
  1.4095558e+00   2.3979855e+01   2.7692530e+01   3.7112408e+01   1.0616763e+00   1.9453601e+00  -7.9621071e-01
  1.4095558e+00  -9.3283371e+01  -1.6980976e+01  -1.6680962e+01  -3.1049031e-01  -1.1569100e-01  -1.3021314e-01
  1.4095558e+00  -4.0446358e+01  -2.5754893e+00   6.6611381e+00  -1.5822232e-01  -9.9889708e-01   1.2345099e+00
  1.4095558e+00  -8.3341385e+01  -5.9749893e+01  -3.5035614e+01   1.9932607e-01   4.6085417e-02  -3.1553280e-01
  1.4095558e+00   1.4792307e+01  -1.8226347e+01  -2.8560535e+01   1.8178428e+00   7.6068509e-01  -1.4945356e+00
  1.4095558e+00   1.3558064e+01  -4.4853897e+00  -4.5557718e+00   4.8204944e-01   1.9881707e-01   2.6678398e+00
  1.4095558e+00   8.7970859e-01   2.3470589e+01  -1.9257015e+01   1.2872756e+00   1.9157265e+00  -1.3627634e+00
  1.4095558e+00   2.9766659e+01  -9.2828255e+00  -1.1247581e+01   7.1149372e-02  -1.2697369e+00  -1.5054389e+00
  1.4095558e+00   8.2079592e+00  -2.0211777e+01   5.4665933e+00  -1.8174229e+00  -1.7169763e+00  -2.2422185e+00
  1.4095558e+00  -1.6306166e+01   4.2372260e+00  -2.9356987e+00  -7.3600817e-01   9.9086750e-01   1.2332058e+00
  1.4095558e+00   5.0053053e+00   2.0440353e+01  -2.9706483e+00  -2.7742364e+00  -6.3124955e-01   4.1395235e-01
  1.4095558e+00   2.6087499e+00  -1.0907679e+00  -2.6608057e+00  -6.8997085e-01   1.4206909e+00   3.7568357e+00
  1.4095558e+00   3.4785655e+00   3.6917262e+00  -5.6186609e+00  -3.8565812e-01  -6.3965571e-01  -2.1489630e+00
  1.4095558e+00  -1.1079264e+01  -1.1437657e+00  -1.3274384e+01   1.2056075e+00  -1.3577113e-01   6.8112403e-01
  1.4095558e+00   7.2214956e+00  -5.6465774e+00  -9.2706318e+00   2.1324215e+00   1.1246499e+00   6.0955989e-01
  1.4095558e+00   2.1112423e+01  -2.7337807e+01   2.1974920e+01   1.1392821e+00  -1.6764704e+00   1.2327528e+00
  1.4095558e+00  -5.1464405e+00  -1.3923937e+01  -8.6470165e+00  -4.4775121e-02   1.2017617e-01  -4.6104929e-01
  1.4095558e+00   3.5541501e+00   4.4412880e+00   7.8478265e+00  -9.9305391e-01   1.0928732e+00   2.6617863e+00
  1.4095558e+00  -4.1290903e+00  -8.9119692e+00  -5.6026611e+00   3.0950606e+00  -2.0192080e+00   1.9182900e-01
  1.4095558e+00  -3.7528603e+01   5.1918922e+01  -7.1701408e+01   1.1771242e-01  -1.1155906e-01  -4.1560292e-02
  1.4095558e+00   2.0651541e+00  -3.0166986e+00  -1.7178272e+01   2.8555076e+00  -1.2731954e-01   5.7923961e-01
  1.4095558e+00   2.9049532e+01   2.8341309e+01   2.1581968e+01  -4.0478003e-01  -1.9516076e+00   4.1300449e-01
  1.4095558e+00  -1.7465851e+01  -3.0698369e+00  -6.8485789e+00  -5.9551656e-01  -1.4509987e+00  -2.6080215e+00
  1.4095558e+00  -2.5240011e+01   1.1050409e+01   2.4420943e+00  -1.1715356e+00   6.3018978e-01   5.3533316e-02
  1.4095558e+00   3.4441593e+00  -4.7660728e+01   3.0823178e+00  -2.0245583e+00  -6.3802958e-01  -5.7269520e-01
  1.4095558e+00  -3.7214191e+01   3.9664749e+01  -9.2979946e+00  -9.0752268e-01   5.7686925e-01  -3.5769519e-01
  1.4095558e+00  -4.6777887e+00  -6.1660099e+00  -7.3643079e+00   2.8667891e-01   3.5711398e+00   4.4156846e-01
  1.4095558e+00   1.0357726e+00   1.0006457e+01  -2.6792719e+01  -1.4073259e+00   1.1298680e-01   9.1151607e-01
  1.4095558e+00  -1.0973262e+01  -4.2071686e+00  -3.4987812e+00  -6.4934504e-01   1.2784525e+00  -3.4314230e-01
  1.4095558e+00   2.3897257e+00  -1.6384065e+00  -7.2825289e-01  -3.7711060e-01  -2.5314488e+00   3.6118741e+00
  1.4095558e+00  -4.4604349e+00   1.0021905e+01   1.6001028e+01   5.0587302e-01   9.6793324e-01  -1.1266156e+00
  1.4095558e+00   2.6937119e+01   1.7893797e+01  -5.1051354e-01   1.5272003e+00  -4.2120954e-01  -7.2978258e-01
  1.4095558e+00  -5.9547207e+01   4.2067657e+01   5.7133789e+01   6.6847181e-01   1.5248173e-01   1.0324810e-01
  1.4095558e+00   1.2640565e+01  -2.7153378e+01  -2.3039379e+01   1.1445286e+00  -6.9605923e-01  -1.5857418e+00
  1.4095558e+00  -1.0921643e+02   3.7272697e+01  -4.4884373e+01  -1.3820735e-01   5.3922737e-01   5.4289645e-01
  1.4095558e+00  -1.9752956e+01  -3.8948730e+01   5.1987511e+01  -7.4824655e-01   5.1022416e-01  -9.6881747e-01
  1.4095558e+00   1.5076510e+01  -1.6544831e+00  -5.2685986e+00  -2.0125513e+00  -2.1173646e+00   1.3709887e+00
  1.4095558e+00  -5.9377708e+00   2.2015276e+01  -3.7303331e+00  -9.9820554e-01  -1.9987616e-01  -1.0100127e+00
  1.4095558e+00   1.9912899e+01  -1.0457165e+00  -8.1970566e+01   1.1071960e+00  -1.2806544e-01  -6.2386018e-01